0.1 0.0
0.2 0.0
0.3 0.0
0.4 0.0
0.5 0.0
0.6 0.0
0.7 0.0
0.8 0.0
0.9 0.0
1.0 0.0
1.1 0.0
1.2 0.0
1.3 0.0
1.4 0.0
1.5 0.0
1.6 0.0
1.7 0.0
1.8 0.0
1.9 0.0
2.0 0.0
2.1 0.0
2.2 0.0
2.3 0.0
2.4 0.0
2.5 6.769981273506494
2.6 3.1143417463076744
2.7 0.0
2.8 0.0
2.9 0.0
3.0 0.0
3.1 0.0
3.2 0.0
3.3 0.0
3.4 3.5398734522563253
3.5 0.0
3.6 4.7120662154299575
3.7 0.0
3.8 5.613139339604834
3.9 1.3294452441574196
4.0 1.261283895907382
4.1 1.1982331734885976
4.2 0.0
4.3 0.0
4.4 0.0
4.5 0.9880094213669356
4.6 1.8882105655950723
4.7 0.9030638359523665
4.8 1.7292830229998797
4.9 0.8286201041660733
5.0 1.5896073360068297
5.1 0.7630158461570048
5.2 0.0
5.3 1.4098101005655694
5.4 2.034924229689252
5.5 0.653188480854793
5.6 0.6294388379643298
5.7 0.6069613120982765
5.8 0.5856666477080598
5.9 1.6964198462849518
6.0 1.0926131265413674
6.1 2.112392236173678
6.2 0.5107849453692878
6.3 0.9886189274874587
6.4 0.9572368777370341
6.5 0.9273256981235184
6.6 1.3481923287637596
6.7 0.8715607932717169
6.8 0.845546014185591
6.9 1.641357666281413
7.0 1.1953390960645185
