0.1 0.0
0.2 0.0
0.3 0.0
0.4 0.0
0.5 0.0
0.6 0.0
0.7 0.0
0.8 0.0
0.9 0.0
1.0 0.0
1.1 0.0
1.2 0.0
1.3 0.0
1.4 0.0
1.5 0.0
1.6 0.0
1.7 0.0
1.8 0.0
1.9 0.0
2.0 0.0
2.1 0.0
2.2 3.4750009200907797
2.3 7.582366823765487
2.4 5.192598478223892
2.5 2.115619147970779
2.6 1.9464635914422963
2.7 0.4492030917718585
2.8 0.41594458094299686
2.9 0.0
3.0 1.0788615905378252
3.1 0.3356550103588265
3.2 0.0
3.3 1.4719436211738237
3.4 0.8296578403725762
3.5 0.7808689326227175
3.6 1.4725206923218617
3.7 0.6953678117272365
3.8 1.096316277266569
3.9 1.454080735797178
4.0 0.5912268262065852
4.1 0.9361196667879668
4.2 0.7123716578312526
4.3 0.0
4.4 1.1320846326496208
4.5 1.0806353046200856
4.6 0.59006580174846
4.7 0.9877260705729007
4.8 0.675501180859328
4.9 0.5178875651037959
5.0 1.1176926581298021
5.1 1.1922122596203197
5.2 1.4891044329642769
5.3 1.101414141066851
5.4 1.69577019140771
5.5 1.4288498018698597
5.6 1.6719469133427507
5.7 1.0432147551689126
5.8 1.3726562055657647
5.9 0.9719072036007536
6.0 0.8536040051104431
6.1 0.825153217255343
6.2 0.7182913294255608
6.3 1.3130095130692812
6.4 0.747841310732058
6.5 1.9560776444792962
6.6 1.1937119577595787
6.7 1.2256323655383516
6.8 0.9248159530154902
6.9 1.4105417444605892
7.0 0.7470869350403241
