0.1 0.0
0.2 0.0
0.3 0.0
0.4 0.0
0.5 0.0
0.6 0.0
0.7 0.0
0.8 0.0
0.9 0.0
1.0 0.0
1.1 0.0
1.2 0.0
1.3 0.0
1.4 0.0
1.5 0.0
1.6 0.0
1.7 0.0
1.8 0.0
1.9 0.0
2.0 0.0
2.1 0.0
2.2 0.0
2.3 0.0
2.4 0.0
2.5 0.0
2.6 2.4914733970461396
2.7 4.599839659743831
2.8 0.0
2.9 0.0
3.0 0.0
3.1 0.0
3.2 0.0
3.3 0.0
3.4 1.41594938090253
3.5 1.3326829783427712
3.6 2.513101981562644
3.7 1.1867610653478171
3.8 3.3678836037629005
3.9 1.0635561953259358
4.0 0.0
4.1 1.917173077581756
4.2 0.0
4.3 0.8684233768298979
4.4 2.4841171367854535
4.5 0.0
4.6 0.0
4.7 0.0
4.8 0.0
4.9 0.0
5.0 0.0
5.1 2.4416507077024154
5.2 0.5864780535982382
5.3 2.255696160904911
5.4 0.5426464612504671
5.5 1.0451015693676686
5.6 2.014204281485855
5.7 1.9422761987144845
5.8 1.4055999544993434
5.9 1.8095145027039485
6.0 0.8740905012330938
6.1 0.8449568944694712
6.2 1.2258838688862905
6.3 0.39544757099498345
6.4 0.0
6.5 0.37093027924940736
6.6 0.35951795433700257
6.7 0.0
6.8 0.3382184056742364
6.9 0.6565430665125652
7.0 0.3187570922838716
