0.1 0.0
0.2 0.0
0.3 0.0
0.4 0.0
0.5 0.0
0.6 0.0
0.7 0.0
0.8 0.0
0.9 0.0
1.0 0.0
1.1 0.0
1.2 0.0
1.3 0.0
1.4 0.0
1.5 0.0
1.6 0.0
1.7 0.0
1.8 0.0
1.9 0.0
2.0 0.5333466602038079
2.1 3.6484464086088955
2.2 1.1293752990295036
2.3 0.07898298774755716
2.4 0.0
2.5 0.0
2.6 0.0
2.7 0.0
2.8 0.0
2.9 0.04828091846886842
3.0 0.17981026508963752
3.1 0.3356550103588265
3.2 0.745768067399274
3.3 1.803130935937934
3.4 1.901299217520487
3.5 1.9847085370827402
3.6 2.4235236394463975
3.7 2.3758400234013917
3.8 1.7266981366948464
3.9 1.557943645496976
4.0 1.0100124947695832
4.1 0.9595226584576659
4.2 0.9795110295179722
4.3 0.8692714465338333
4.4 1.031005647591619
4.5 0.7332882424207724
4.6 0.8666591463180507
4.7 0.7055186218377862
4.8 0.8274889465526766
4.9 0.7282793884272127
5.0 0.931410548441502
5.1 0.8941591947152401
5.2 1.0022818298798015
5.3 1.1151818178301867
5.4 1.1393455973520548
5.5 0.8420007761018815
5.6 1.1801978211831181
5.7 1.10248832080351
5.8 0.9036653353307953
5.9 1.214884004500942
6.0 1.2057156572185008
6.1 0.8045243868239593
6.2 1.0275556518171218
6.3 1.0233750616569397
6.4 1.084369900561484
6.5 0.9870947372603857
6.6 1.2551530144089689
6.7 1.0043376328717049
6.8 1.3046510765754238
6.9 1.1460651673742286
7.0 0.9494229799470784
