0.1 0.0
0.2 0.0
0.3 0.0
0.4 0.0
0.5 0.0
0.6 0.0
0.7 0.0
0.8 0.0
0.9 0.0
1.0 0.0
1.1 0.0
1.2 0.0
1.3 0.0
1.4 0.0
1.5 0.0
1.6 0.0
1.7 0.0
1.8 0.0
1.9 0.0
2.0 0.0
2.1 0.0
2.2 1.1120002944290495
2.3 6.571384580596757
2.4 8.769721874333685
2.5 1.6924953183766231
2.6 0.5839390774326889
2.7 0.1796812367087434
2.8 0.0
2.9 0.15449893910037896
3.0 0.28769642414342006
3.1 0.5370480165741224
3.2 0.7536182575824242
3.3 0.9420439175512473
3.4 1.3274525445961218
3.5 1.145274434513319
3.6 1.1780165538574894
3.7 0.6490099576120875
3.8 1.2278742305385573
3.9 0.9139936053582259
4.0 0.867132678436325
4.1 1.0484540268025226
4.2 0.4986601604818768
4.3 0.881992492092865
4.4 0.5822149539340907
4.5 0.6175058883543347
4.6 0.8850987026226901
4.7 1.5239202231696183
4.8 0.7025212280937011
4.9 1.346507669269869
5.0 0.8941541265038416
5.1 1.5737201826988223
5.2 1.0996463504966967
5.3 1.1895272723521992
5.4 1.6957701914077097
5.5 1.2247284016027367
5.6 1.691616877029136
5.7 1.0621822961719838
5.8 1.4641666192701492
5.9 1.4136832052374597
6.0 0.7853156847016077
6.1 1.3862574049889762
6.2 1.532354836107863
6.3 0.9577245860034757
6.4 0.8674959204491871
6.5 1.072220338455318
6.6 1.0673189269379761
6.7 0.5991980453743052
6.8 0.845546014185591
6.9 1.0514947549615299
7.0 0.9463101177177439
