0.1 0.0
0.2 0.0
0.3 0.0
0.4 0.0
0.5 0.0
0.6 0.0
0.7 0.0
0.8 0.0
0.9 0.0
1.0 0.0
1.1 0.0
1.2 0.0
1.3 0.0
1.4 0.0
1.5 0.0
1.6 0.0
1.7 0.0
1.8 0.0
1.9 0.0
2.0 0.0
2.1 0.0
2.2 0.0
2.3 0.0
2.4 0.0
2.5 0.0
2.6 1.6987318616223677
2.7 0.0
2.8 0.0
2.9 0.0
3.0 0.0
3.1 0.7811607513805416
3.2 0.7307813406859872
3.3 1.0276842736922696
3.4 0.965420032433543
3.5 0.9086474852337076
3.6 2.2846381650569487
3.7 1.8880289675987996
3.8 2.2962842752928867
3.9 0.7251519513585926
4.0 1.1466217235521652
4.1 1.3071634619875607
4.2 0.8289415654763664
4.3 0.5921068478385667
4.4 0.37638138436143237
4.5 0.5389142298365103
4.6 0.6866220238527535
4.7 0.1641934247186121
4.8 1.1004528328181051
4.9 1.0546074053022751
5.0 0.8670585469128161
5.1 0.8323809230803688
5.2 0.7997428003612339
5.3 1.4098101005655694
5.4 0.9866299295463038
5.5 0.7125692518415923
5.6 1.029990825759812
5.7 0.8828528175974929
5.8 0.8518787603026322
5.9 0.514066620086349
6.0 1.092613126541367
6.1 0.9601782891698535
6.2 1.3001798609400053
6.3 1.1683678233942694
6.4 0.6961722747178429
6.5 0.5901163533513297
6.6 0.9805035118281887
6.7 1.0300263920483925
6.8 1.076149472599843
6.9 1.193714666386482
7.0 0.9417823181114388
