0.1 0.0
0.2 0.0
0.3 0.0
0.4 0.0
0.5 0.0
0.6 0.0
0.7 0.0
0.8 0.0
0.9 0.0
1.0 0.0
1.1 0.0
1.2 0.0
1.3 0.0
1.4 0.0
1.5 0.0
1.6 0.0
1.7 0.0
1.8 0.0
1.9 0.0
2.0 0.0
2.1 0.0
2.2 0.0
2.3 0.0
2.4 0.0
2.5 3.0772642152302243
2.6 1.4156098846853062
2.7 1.3067726306090428
2.8 2.4200411982137995
2.9 0.0
3.0 0.0
3.1 0.0
3.2 0.0
3.3 0.8564035614102247
3.4 0.8045166936946192
3.5 1.5144124753895127
3.6 3.5697471329014827
3.7 1.3485921197134285
3.8 4.464997201958391
3.9 2.417173171195308
4.0 1.1466217235521652
4.1 0.0
4.2 0.0
4.3 1.4802671195964168
4.4 0.0
4.5 0.44909519153042526
4.6 1.2874162947239127
4.7 0.41048356179653017
4.8 0.7860377377272179
4.9 0.0
5.0 0.7225487890940134
5.1 0.34682538461682033
5.2 0.9996785004515424
5.3 1.2816455459686995
5.4 1.2332874119328798
5.5 0.8907115648019902
5.6 1.1444342508442358
5.7 1.1035660219968662
5.8 1.331060562972863
5.9 0.7710999301295235
6.0 0.496642330246076
6.1 1.680312006047244
6.2 0.696524925503574
6.3 0.6740583596505401
6.4 1.0877691792466297
6.5 0.8430233619304711
6.6 1.02135782482103
6.7 0.5942459954125342
6.8 1.345186840749804
6.9 1.6786612496059903
7.0 0.5433359527565993
