0.1 0.0
0.2 0.0
0.3 0.0
0.4 0.0
0.5 0.0
0.6 0.0
0.7 0.0
0.8 0.0
0.9 0.0
1.0 0.0
1.1 0.0
1.2 0.0
1.3 0.0
1.4 0.0
1.5 0.0
1.6 0.0
1.7 0.0
1.8 0.0
1.9 0.0
2.0 0.0
2.1 0.0
2.2 0.0
2.3 0.0
2.4 0.0
2.5 2.797512922936568
2.6 4.118137846357254
2.7 0.9503800949883949
2.8 0.0
2.9 0.0
3.0 0.0
3.1 0.0
3.2 0.33217333667544874
3.3 0.6228389537528908
3.4 0.5851030499597232
3.5 2.2027817823847458
3.6 1.557707839811556
3.7 1.961588537764987
3.8 1.1597395329762055
3.9 2.1974301556320985
4.0 0.8339067080379384
4.1 0.9902753499905764
4.2 0.7535832413421515
4.3 0.0
4.4 0.34216489487402946
4.5 0.4899220271241003
4.6 0.7802522998326745
4.7 1.4926674974419278
4.8 1.1433276185123171
4.9 0.8217720041316431
5.0 1.182352563972022
5.1 1.135064895109594
5.2 1.4540778188386072
5.3 1.0486190830652995
5.4 0.7848192621391054
5.5 1.5115105342094382
5.6 1.0403947734947598
5.7 1.1035660219968664
5.8 0.9680440457984458
5.9 1.121599898370216
6.0 1.5350762934878712
6.1 0.34915574151631046
6.2 1.4352634828558497
6.3 1.062152566722063
6.4 0.7119943718705213
6.5 0.5364694121375725
6.6 1.1884891052462894
6.7 1.1524770820121875
6.8 1.2578370458959205
6.9 1.017370454306661
7.0 1.4488958740175981
