0.1 0.0
0.2 0.0
0.3 0.0
0.4 0.0
0.5 0.0
0.6 0.0
0.7 0.0
0.8 0.0
0.9 0.0
1.0 0.0
1.1 0.0
1.2 0.0
1.3 0.0
1.4 0.0
1.5 0.0
1.6 0.0
1.7 0.0
1.8 0.0
1.9 0.0
2.0 0.0
2.1 0.4189603531416914
2.2 0.3790910094644487
2.3 7.582366823765487
2.4 7.762672472496323
2.5 0.9616450672594451
2.6 0.0
2.7 0.0
2.8 0.15125257488836247
2.9 0.1404535810003445
3.0 0.0
3.1 0.3051409185080241
3.2 0.856384383616391
3.3 0.8564035614102247
3.4 1.206775040541929
3.5 0.9938331869743676
3.6 1.5171425314831302
3.7 0.9693005860440267
3.8 1.1959813933817118
3.9 1.208586585597654
4.0 1.325781367857191
4.1 0.7488957334303734
4.2 0.8418937774369347
4.3 0.9251669497477605
4.4 1.1761918261294761
4.5 0.9543272820021537
4.6 0.9387410482361863
4.7 1.0518641271036087
4.8 0.9579834928550469
4.9 0.9886944424708828
5.0 0.8354470373899532
5.1 0.9754463942348072
5.2 1.1871182192862066
5.3 1.1614912760341338
5.4 1.1754770644985262
5.5 1.280397874402861
5.6 1.0550253249970296
5.7 0.9311338310598559
5.8 0.9151041370438433
5.9 1.0602624039280948
6.0 0.9312043692113926
6.1 1.170217289925759
6.2 1.117342067995317
6.3 0.8004443020850163
6.4 1.0061864908031324
6.5 1.1196404025639068
6.6 0.9319890151491897
6.7 1.1018311164940737
6.8 0.996879533769944
6.9 0.9325895831144391
7.0 1.075352406497436
